Transformation Matrix:
4.573509139157161396e-02 -9.987160784865163343e-01 -2.178292881867444075e-02 2.393510030181927339e-01
-6.856814028515817450e-02 1.861580871158430295e-02 -9.974727373737333203e-01 6.769719189002623150e-01
9.965975675031721881e-01 4.711312172344922500e-02 -6.762870846195412344e-02 4.212727734222103670e-01
0.000000000000000000e+00 0.000000000000000000e+00 0.000000000000000000e+00 1.000000000000000000e+00

Intrinsics:
1.770689941406250000e+03 0.000000000000000000e+00 6.852999877929687500e+02
0.000000000000000000e+00 1.765030029296875000e+03 4.927000122070312500e+02
0.000000000000000000e+00 0.000000000000000000e+00 1.000000000000000000e+00
